17.59197
8.577251
9.700989
17.49245
13.68858
11.8002
10.50075
17.06565
15.67526
15.09214
10.67549
17.48585
11.93405
16.73376
11.13098
16.22476
13.0125
16.13357
11.88063
12.99003
8.882653
13.15814
8.822577
11.02387
9.857226
16.45556
11.49523
12.24036
12.55314
11.69438
13.72712
17.4191
12.63522
9.310185
16.58181
13.22541
10.47682
11.44184
16.43172
16.0385
10.26499
16.75422
9.333206
9.241575
17.96381
8.965202
16.66388
9.995109
13.85175
9.54303
17.8764
17.56663
11.28823
10.45339
9.664549
11.89172
15.23229
13.93266
16.62783
11.78397
13.31261
8.62001
15.71976
11.94968
9.627345
14.57487
8.10347
12.49721
13.54878
10.49421
10.79205
17.4721
8.881547
16.99098
16.29424
16.50668
10.79909
10.31416
14.55685
16.93616
12.83325
15.46667
9.085912
8.05744
9.962186
15.98711
8.015208
14.47464
8.640792
10.40515
11.22144
8.681219
12.36632
13.4651
11.25351
15.94593
8.165684
12.28629
14.02935
14.86992
16.6948
12.78899
15.51672
17.46581
13.07062
12.12867
10.20037
14.53716
11.22248
11.58969
12.33734
11.54166
12.4028
15.06788
14.9763
16.73441
12.72025
8.917766
12.83946
13.65989
17.46425
10.27282
14.61176
14.00872
10.1452
12.93546
16.04421
9.702756
8.236875
8.236511
17.04444
8.658251
17.74462
15.72212
15.52804
10.80689
13.32051
8.820266
12.63478
13.32447
8.418446
14.7004
13.20094
11.24364
13.80936
17.28676
10.83301
15.7623
15.69934
8.173553
16.48828
10.11821
9.907195
10.62382
11.49025
17.21063
10.27134
17.70449
13.65941
8.142819
8.492097
13.8732
10.8451
10.57293
16.85736
15.3724
16.49955
11.79286
8.188128
10.46617
16.66443
9.609162
14.47065
10.31648
11.58961
11.44565
15.94182
14.59348
10.35452
9.579194
16.68634
14.12054
14.17334
12.36219
13.39486
15.47999
9.219622
16.29302
12.20728
13.55746
16.13326
12.63307
12.15385
15.0179
14.6974
11.03927
16.46091
8.725562
9.254902
13.41924
14.80369
13.62022
10.54676
17.76866
16.13027
12.21077
16.66786
14.57183
10.6951
16.12362
16.58835
11.50137
14.62057
8.230454
8.544671
14.72034
16.48368
16.61084
14.86011
9.296493
17.63549
15.33488
11.97958
14.96263
17.88234
8.215207
15.30639
14.00873
9.816835
11.37756
12.52882
17.00379
12.42749
8.726425
17.25368
11.30301
14.5359
17.72216
11.32937
15.95856
10.94015
9.911145
10.5434
10.44446
8.786816
11.12965
11.52925
11.75682
14.55099
16.24313
10.34101
10.10475
10.03352
10.17687
11.79496
8.178979
9.828062
13.74613
9.633596
15.66893
8.173125
17.3816
14.62447
17.6826
10.01646
12.27254
16.0639
8.812353
17.55464
9.920604
10.65886
13.85889
8.816699
13.23366
11.04808
17.93079
17.72303
8.905031
15.72914
12.39452
15.86491
11.88851
11.8973
9.917707
9.075362
8.7074
11.75605
12.98017
10.48502
8.673464
12.36194
9.506547
9.614234
11.46621
11.36555
13.42094
13.0321
16.23173
14.6648
12.91327
17.06917
11.44413
11.48793
17.00156
9.488809
17.17748
9.030626
17.72998
14.08964
15.85746
9.378106
14.37208
13.68503
14.84061
16.00382
17.75251
10.13943
15.48791
14.02683
12.65158
10.82009
16.26752
15.17321
16.04723
11.3795
9.611817
16.21557
16.31881
15.68152
13.16228
13.13914
11.77451
13.70304
10.97563
12.05268
13.25449
13.84912
14.67065
14.63113
16.10812
11.27943
14.45293
9.891079
10.39246
13.92903
14.6066
17.77451
17.7261
13.43209
16.42106
14.66248
15.60216
9.820117
9.002707
8.177299
10.12059
16.45758
9.346291
16.43479
16.51494
11.63753
14.6187
11.56529
14.67997
10.95541
9.902669
11.51494
11.60317
11.17537
14.27437
10.41917
12.54021
9.995946
8.346026
17.66342
15.53582
8.075874
15.18111
13.13528
14.23736
15.62691
9.192675
15.22374
16.08787
12.77976
9.849474
8.550255
9.125166
15.62686
13.78768
10.90213
10.28706
9.621194
15.66922
10.13605
9.386366
8.7437
16.90636
10.73556
10.75902
17.23798
13.26404
17.23774
9.9561
10.63504
14.55599
14.06269
8.76254
17.88651
11.7151
11.70294
8.579343
14.92881
14.73238
9.134514
9.530565
8.937341
9.61365
13.05078
8.242538
9.44922
17.55637
17.17469
12.83974
11.69337
11.40893
11.01498
15.32304
12.03535
16.94113
14.11958
17.92826
15.47296
8.907672
8.831882
12.68647
9.523827
14.3574
12.64905
11.03606
9.631328
13.86531
17.49425
17.44095
17.63936
10.90025
8.248093
10.09831
16.95657
8.699058
13.29641
9.202265
11.58229
11.06851
14.50257
17.06993
9.133748
11.27565
14.45644
10.89681
9.374818
10.86928
17.10459
16.83623
15.67694
15.59328
11.24908
12.77943
10.12361
17.80368
17.65373
17.89649
14.62614
13.00855
14.63561
14.46902
11.82385
11.529
15.4429
12.96001
15.76298
12.65366
14.35797
9.357431
8.858584
16.94473
11.70329
10.93958
17.49637
16.4269
16.14174
8.30128
10.41803
17.43099
10.28115
11.94051
15.66941
16.76167
16.08307
8.028882
